MouthLowerlipMidbottom, MouthLowerlipMidtop, MouthUpperlipMidtop, MouthLeftcorner, MouthRightcorner, MouthUpperlipMidbottom, 
-0.0329156 -0.08400714 -0.2878289
-0.03242743 -0.07405298 -0.2864457
-0.03123432 -0.06398258 -0.289369
-0.05956396 -0.07463375 -0.2774571
-0.007666551 -0.07705884 -0.2705386
-0.0318741 -0.07370134 -0.2864836
#
-0.0322999 -0.0835075 -0.2877584
-0.03179819 -0.07362456 -0.2861425
-0.03060684 -0.06358435 -0.2891845
-0.05931037 -0.07418519 -0.2768123
-0.006105833 -0.07614288 -0.270878
-0.0311793 -0.07335559 -0.2861337
#
-0.03106233 -0.08327577 -0.2875262
-0.03084187 -0.07350292 -0.2855517
-0.02993954 -0.06348895 -0.2888268
-0.05956317 -0.07361128 -0.2767813
-0.004443824 -0.07521795 -0.2698564
-0.03053133 -0.07332803 -0.2855177
#
-0.0313691 -0.08335505 -0.2880465
-0.03109495 -0.07354861 -0.2861276
-0.03015707 -0.06352612 -0.2894023
-0.05966483 -0.07354767 -0.2772486
-0.004659973 -0.0747596 -0.2706336
-0.03073853 -0.0733489 -0.2861133
#
-0.03095638 -0.0832518 -0.2885076
-0.03052802 -0.07347024 -0.2864749
-0.02937842 -0.06346101 -0.2896794
-0.05893191 -0.07361168 -0.2774403
-0.003745005 -0.07478463 -0.2710776
-0.02990475 -0.0733062 -0.2863956
#
-0.03022897 -0.08326123 -0.288458
-0.03001478 -0.07348291 -0.2864086
-0.02918258 -0.0633531 -0.2897142
-0.0587922 -0.07341141 -0.2777081
-0.00321015 -0.07458434 -0.2706769
-0.02970735 -0.07320478 -0.2863908
#
-0.03038685 -0.08334162 -0.2882542
-0.03021439 -0.07352219 -0.2863026
-0.02937227 -0.06329188 -0.2896296
-0.05907709 -0.07329472 -0.2775458
-0.003763743 -0.07431398 -0.2705393
-0.02997356 -0.07310542 -0.286314
#
-0.03064352 -0.08400685 -0.2881013
-0.03048518 -0.07420181 -0.2862167
-0.0297778 -0.06430719 -0.2895843
-0.05917412 -0.07426264 -0.2776108
-0.00397072 -0.07511111 -0.2705605
-0.03034187 -0.07411871 -0.2862317
#
-0.03052963 -0.0842858 -0.2877363
-0.03046627 -0.07445625 -0.2859355
-0.02982138 -0.06438079 -0.2893161
-0.05919799 -0.07434294 -0.2772104
-0.004292555 -0.07555429 -0.2704762
-0.03038944 -0.0741846 -0.2859886
#
-0.03113985 -0.08417512 -0.2894504
-0.03108414 -0.07437689 -0.2874205
-0.03048148 -0.06412055 -0.2906132
-0.0597174 -0.07441645 -0.2783082
-0.004617542 -0.07539543 -0.2721039
-0.03093721 -0.07398739 -0.2874569
#
-0.03059377 -0.08425272 -0.2888498
-0.03050825 -0.07445363 -0.2868729
-0.02985436 -0.06438496 -0.2901399
-0.05920777 -0.07454509 -0.2776924
-0.003900535 -0.07542037 -0.2715155
-0.03029779 -0.07422566 -0.2868879
#
-0.03023336 -0.08443727 -0.288046
-0.03022233 -0.07466207 -0.2860988
-0.02965701 -0.06464807 -0.2894665
-0.05903839 -0.07491804 -0.2772587
-0.003746569 -0.07579461 -0.270647
-0.03014244 -0.07448678 -0.286106
#
-0.02987656 -0.0842844 -0.2878334
-0.02986721 -0.07450465 -0.2859098
-0.02932715 -0.0644949 -0.2893254
-0.05878954 -0.07461625 -0.2771011
-0.00331033 -0.07565289 -0.270394
-0.02983448 -0.07432307 -0.2859315
#
-0.02967443 -0.0841913 -0.2885104
-0.02950535 -0.07437024 -0.2866216
-0.0288517 -0.06428511 -0.2899302
-0.0580455 -0.07423712 -0.2777386
-0.002938457 -0.07553842 -0.2710911
-0.02938425 -0.0741057 -0.28667
#
-0.0293413 -0.08399156 -0.2876199
-0.02919234 -0.07421365 -0.2857298
-0.02843104 -0.06424773 -0.2890912
-0.05793798 -0.07402586 -0.2768801
-0.002937809 -0.07582907 -0.2705474
-0.02905355 -0.07406708 -0.2857258
#
-0.0292979 -0.08450276 -0.287232
-0.02913576 -0.07469574 -0.2854124
-0.02833854 -0.06470173 -0.2888415
-0.05788944 -0.07448579 -0.276742
-0.002797998 -0.07610666 -0.2698989
-0.02893094 -0.07449631 -0.285413
#
-0.02859362 -0.08490583 -0.2862576
-0.0283465 -0.0750714 -0.2845135
-0.02742348 -0.06508821 -0.2879152
-0.05688851 -0.07479369 -0.2762704
-0.002220191 -0.07649264 -0.2685564
-0.02805656 -0.0748608 -0.2845141
#
-0.029719 -0.08525028 -0.2865732
-0.02943745 -0.07547735 -0.2846983
-0.02850793 -0.06557135 -0.288063
-0.05820665 -0.0749212 -0.2762837
-0.003310598 -0.07816529 -0.2684082
-0.02927963 -0.07535141 -0.2846612
#
-0.02919482 -0.08555382 -0.2857507
-0.02880864 -0.07573698 -0.284094
-0.02767281 -0.06584474 -0.2873731
-0.05705918 -0.07521222 -0.2758788
-0.003351957 -0.07937724 -0.2674918
-0.02845641 -0.07557631 -0.284036
#
-0.02921145 -0.08565117 -0.2846853
-0.02892444 -0.07584117 -0.2830464
-0.02791027 -0.06598508 -0.2865003
-0.05753704 -0.07531204 -0.2751034
-0.00330285 -0.07915571 -0.2659234
-0.02871216 -0.07568184 -0.2829847
#
-0.03051015 -0.08760499 -0.2853797
-0.02985894 -0.07756532 -0.2840233
-0.02832127 -0.06569392 -0.2876453
-0.05779212 -0.07604393 -0.2758122
-0.004165523 -0.07950252 -0.266409
-0.02913624 -0.07537251 -0.2843976
#
-0.03195864 -0.08879424 -0.2862352
-0.03091988 -0.07862151 -0.2850853
-0.02879171 -0.06569707 -0.2886769
-0.05820603 -0.07688706 -0.2766905
-0.00545162 -0.08017149 -0.2669095
-0.02966901 -0.07536393 -0.2856791
#
-0.03015476 -0.08966789 -0.2860547
-0.02927803 -0.07920203 -0.2856578
-0.02753333 -0.06557267 -0.2891369
-0.05528513 -0.07699072 -0.2778807
-0.005668767 -0.08000255 -0.2671245
-0.02833458 -0.0751599 -0.2866738
#
-0.03012002 -0.0887932 -0.2865868
-0.02931776 -0.07842793 -0.2860355
-0.02771004 -0.0656917 -0.2892838
-0.05541781 -0.07739494 -0.2781931
-0.005884878 -0.08059248 -0.2664982
-0.02850246 -0.07524062 -0.2867902
#
-0.03088031 -0.09006945 -0.2855148
-0.02996306 -0.07964841 -0.2849306
-0.02807604 -0.06547063 -0.2885268
-0.05633953 -0.07773162 -0.2770573
-0.005906112 -0.08108696 -0.2649475
-0.02888874 -0.07505096 -0.2859491
#
-0.03066415 -0.09012304 -0.2844067
-0.02975215 -0.07984375 -0.2832152
-0.02762462 -0.06494281 -0.2872342
-0.05751667 -0.07745556 -0.2757344
-0.003945529 -0.08045309 -0.2622975
-0.0284062 -0.07461213 -0.2841647
#
-0.03183883 -0.0895781 -0.2833825
-0.03094064 -0.07943768 -0.2817918
-0.02877631 -0.06452101 -0.2861936
-0.05988228 -0.07634469 -0.2740535
-0.003698483 -0.08004937 -0.2606535
-0.0296845 -0.07421272 -0.282699
#
-0.03421402 -0.08987049 -0.2819449
-0.03315027 -0.07970386 -0.2800686
-0.03067008 -0.06364646 -0.2849429
-0.06348945 -0.07555094 -0.2701527
-0.003850907 -0.07901629 -0.2588752
-0.03158564 -0.07331673 -0.2811578
#
-0.03437848 -0.0884956 -0.2801989
-0.03321439 -0.07823659 -0.2780989
-0.03044218 -0.06233532 -0.2832763
-0.0654025 -0.07188014 -0.2665629
-0.001999296 -0.07549182 -0.2563647
-0.03143972 -0.07189604 -0.2792113
#
-0.0353419 -0.08713039 -0.2795956
-0.03377165 -0.07693028 -0.2771962
-0.03045139 -0.06201153 -0.2821562
-0.06630425 -0.07036089 -0.2645905
-0.001318581 -0.07396287 -0.2556571
-0.0314695 -0.07153631 -0.2779907
#
-0.03517485 -0.0848036 -0.2798607
-0.03341686 -0.0747287 -0.2772094
-0.02974944 -0.0616632 -0.2817805
-0.06628074 -0.06877952 -0.2643553
-0.0009650514 -0.07287728 -0.2555342
-0.03084648 -0.07112473 -0.2774835
#
-0.03580137 -0.08403286 -0.2794697
-0.03406886 -0.07391567 -0.2768186
-0.03033326 -0.06133138 -0.2814182
-0.06759626 -0.06717999 -0.2632589
-0.001414157 -0.07110364 -0.2556755
-0.03148799 -0.07072697 -0.277014
#
-0.03614092 -0.08094097 -0.2786948
-0.03423049 -0.07088173 -0.2760822
-0.03057592 -0.06060753 -0.280461
-0.06749453 -0.06444887 -0.2619942
-0.001022913 -0.06756491 -0.2563391
-0.03171416 -0.06988559 -0.2758483
#
-0.03488874 -0.07962675 -0.2783653
-0.03311665 -0.06964565 -0.2756837
-0.02971874 -0.06065152 -0.2797615
-0.06636563 -0.06418649 -0.2619662
-0.0003538579 -0.06723502 -0.255451
-0.03082301 -0.06988928 -0.2751075
#
-0.0359298 -0.08150306 -0.281385
-0.0344446 -0.07130411 -0.2789359
-0.03180145 -0.05944718 -0.2832481
-0.06652042 -0.0640102 -0.2650926
-0.001895927 -0.06638884 -0.2596167
-0.03279248 -0.06886097 -0.279202
#
-0.03572045 -0.07874114 -0.2839507
-0.03372438 -0.06884233 -0.2811762
-0.03075561 -0.05933794 -0.2847753
-0.06450988 -0.06407572 -0.2677945
-0.00106281 -0.06610448 -0.2624044
-0.03173 -0.06883974 -0.2809156
#
-0.03551566 -0.07898644 -0.2841424
-0.03354483 -0.06907459 -0.2812141
-0.03022334 -0.05954242 -0.2847912
-0.06528 -0.06394231 -0.2672886
-0.0008204505 -0.06586429 -0.2629204
-0.03122643 -0.06908085 -0.2808956
#
-0.03720876 -0.0792518 -0.2832294
-0.03528523 -0.06936567 -0.2806261
-0.03232861 -0.05990795 -0.2844087
-0.06628872 -0.06460086 -0.266936
-0.002929457 -0.06700522 -0.2636496
-0.03337736 -0.06942327 -0.2804075
#
-0.03739098 -0.08038119 -0.2818345
-0.03528525 -0.07049305 -0.2793945
-0.03193167 -0.06113031 -0.2832951
-0.06617889 -0.06537903 -0.2656291
-0.003184021 -0.06893743 -0.2631745
-0.03303529 -0.07059237 -0.2791014
#
-0.03554338 -0.08019514 -0.2811635
-0.03360012 -0.0702622 -0.2786742
-0.03016102 -0.06091898 -0.2826662
-0.06549242 -0.06506773 -0.264874
-0.001407452 -0.06799848 -0.2621099
-0.03127401 -0.07035118 -0.2783211
#
-0.036366 -0.07984012 -0.2807907
-0.03446178 -0.06992605 -0.2783138
-0.0312619 -0.06063316 -0.2823521
-0.06627852 -0.06441952 -0.2644487
-0.002146304 -0.06806944 -0.261592
-0.03242053 -0.07004441 -0.2780111
#
-0.03704061 -0.08002358 -0.2801546
-0.03501914 -0.0701263 -0.2776886
-0.03160097 -0.06088721 -0.2817205
-0.06679375 -0.06437533 -0.2639776
-0.002799638 -0.06883707 -0.260866
-0.0328364 -0.0702759 -0.2773346
#
-0.0366354 -0.08071298 -0.2796055
-0.03447208 -0.07073442 -0.2771515
-0.03085844 -0.06152723 -0.2813128
-0.06646773 -0.06449874 -0.2628401
-0.001333348 -0.06775529 -0.2604441
-0.03198019 -0.07085935 -0.2768078
#
-0.03453813 -0.08148209 -0.2811569
-0.03255133 -0.07154743 -0.2789627
-0.02926993 -0.06213257 -0.282733
-0.06264912 -0.06692863 -0.2672418
-0.001830749 -0.07005014 -0.2618835
-0.03037183 -0.0715703 -0.2786223
#
-0.0275804 -0.0835475 -0.2875732
-0.02669826 -0.07359912 -0.2854447
-0.02495672 -0.06231946 -0.2888267
-0.05538215 -0.07113019 -0.2762154
0.001267865 -0.07262184 -0.2687805
-0.02564671 -0.07205593 -0.2854285
#
-0.02644599 -0.08599519 -0.289024
-0.02582939 -0.07585672 -0.2872028
-0.02433738 -0.06308151 -0.2903804
-0.05370098 -0.07298823 -0.2785822
0.0004710034 -0.07431803 -0.2707026
-0.02499688 -0.0728329 -0.2873923
#
-0.0253811 -0.08643272 -0.2888272
-0.02489777 -0.07610547 -0.2876112
-0.02367849 -0.06302706 -0.2906259
-0.05162643 -0.07336625 -0.2797291
-0.000344716 -0.07504573 -0.2708451
-0.02433155 -0.07271145 -0.2880383
#
-0.02468216 -0.0876862 -0.2883815
-0.02411994 -0.07712094 -0.2880386
-0.02304862 -0.0648002 -0.2907428
-0.04916274 -0.07503221 -0.2802687
-0.001495793 -0.07702176 -0.2708288
-0.02367112 -0.0743287 -0.2886884
#
-0.02436211 -0.08633869 -0.2887655
-0.02368417 -0.07573237 -0.2891302
-0.02261236 -0.06509051 -0.2915062
-0.04759593 -0.07562358 -0.2812057
-0.002978928 -0.07767146 -0.272206
-0.02324043 -0.07453904 -0.2898172
#
-0.02516057 -0.08677166 -0.2885919
-0.02448937 -0.07617749 -0.288951
-0.02354513 -0.06551103 -0.2914438
-0.04832104 -0.07613016 -0.2805574
-0.003163613 -0.07801401 -0.2723767
-0.0241338 -0.07496936 -0.2896667
#
-0.02562033 -0.08826464 -0.2884654
-0.02464826 -0.07751808 -0.289213
-0.0231496 -0.06571517 -0.2917335
-0.04808276 -0.07754927 -0.2804611
-0.004189022 -0.07886068 -0.2730067
-0.0238289 -0.07515589 -0.2901825
#
-0.02623265 -0.08783912 -0.2885054
-0.0253167 -0.07716893 -0.2890985
-0.02388106 -0.0659152 -0.2914907
-0.04889493 -0.07767095 -0.280003
-0.004875407 -0.07899695 -0.2735611
-0.02456167 -0.07538184 -0.2899156
#
-0.02651528 -0.0887418 -0.28895
-0.02558047 -0.07797546 -0.2896912
-0.02404772 -0.06577197 -0.2922159
-0.04919989 -0.0783812 -0.2801766
-0.005014442 -0.0793306 -0.274813
-0.02474032 -0.07527427 -0.2907631
#
-0.02744021 -0.08906863 -0.2889448
-0.02648766 -0.07827624 -0.2897105
-0.02488209 -0.06578869 -0.2922761
-0.05021876 -0.07854069 -0.2799533
-0.005786359 -0.07958081 -0.2752085
-0.02560127 -0.0753087 -0.2908498
#
-0.02642101 -0.08944068 -0.2888271
-0.0254892 -0.07855282 -0.2897625
-0.02398334 -0.06556242 -0.2923483
-0.04875641 -0.07837366 -0.2803103
-0.005211167 -0.07932252 -0.2750326
-0.02464979 -0.07506131 -0.2910549
#
-0.02643149 -0.08988426 -0.2889895
-0.02557885 -0.0790337 -0.2897784
-0.02417124 -0.06601986 -0.2923996
-0.04898287 -0.07888462 -0.2802151
-0.004917957 -0.07971209 -0.2749731
-0.02478789 -0.07552878 -0.2910221
#
-0.02643038 -0.08721883 -0.2891195
-0.02549914 -0.0765643 -0.2897218
-0.0240319 -0.06560051 -0.2919271
-0.04872202 -0.07799036 -0.2801007
-0.005114906 -0.07911731 -0.2746494
-0.02464544 -0.07506814 -0.2904439
#
-0.02592974 -0.08960376 -0.2890811
-0.02511125 -0.07875257 -0.2899513
-0.02375742 -0.06583964 -0.2924468
-0.0482568 -0.07935257 -0.2804744
-0.005019583 -0.080102 -0.274792
-0.02430752 -0.07533217 -0.2911547
#
-0.02686461 -0.08925981 -0.2891831
-0.02607606 -0.07843298 -0.2900808
-0.02476667 -0.06562341 -0.2927194
-0.04937863 -0.07879328 -0.2802956
-0.005596854 -0.07952114 -0.2753295
-0.02536238 -0.07511484 -0.2913116
#
-0.02903201 -0.08470803 -0.2847407
-0.02812 -0.07494525 -0.282728
-0.0262164 -0.0650894 -0.2859157
-0.0570048 -0.07329539 -0.2738759
-0.002006032 -0.07802363 -0.2663013
-0.02741178 -0.07483921 -0.2825896
#
-0.02998281 -0.08383662 -0.2847121
-0.02878276 -0.07407742 -0.2824582
-0.02629726 -0.06427219 -0.2858021
-0.05845697 -0.07222868 -0.2720557
-0.0008840933 -0.07581762 -0.2667895
-0.0273486 -0.0740255 -0.2821811
#
-0.0310579 -0.08363152 -0.2845962
-0.02971381 -0.07386164 -0.28229
-0.02708459 -0.064138 -0.2858431
-0.0599178 -0.0717646 -0.2710143
-0.0007198453 -0.0747643 -0.2667422
-0.02814208 -0.07384715 -0.2820129
#
-0.03074914 -0.08306187 -0.2841064
-0.02933551 -0.07324337 -0.2817981
-0.02667471 -0.0634966 -0.2853475
-0.05945177 -0.07086902 -0.2705241
-4.700571E-05 -0.07318873 -0.2656583
-0.02770155 -0.07316207 -0.2815296
#
-0.03007519 -0.08172848 -0.2852033
-0.02876706 -0.0718393 -0.2828687
-0.02653605 -0.06212043 -0.2863093
-0.05845328 -0.06874777 -0.2717247
0.0007194951 -0.07098167 -0.2653789
-0.02739999 -0.0717395 -0.2826703
#
-0.02843624 -0.08079388 -0.2866015
-0.02723356 -0.07090444 -0.2840606
-0.02507655 -0.06123874 -0.2874165
-0.05743682 -0.0672246 -0.2728772
0.002533056 -0.07029777 -0.2653174
-0.02588443 -0.07084506 -0.2838211
#
-0.02760405 -0.08074453 -0.2855365
-0.02687173 -0.07076008 -0.2829018
-0.02548882 -0.06034892 -0.2865636
-0.05820542 -0.06562997 -0.2716433
0.003849983 -0.06827024 -0.2621304
-0.02623713 -0.06985851 -0.2828209
#
-0.0347359 -0.08034938 -0.281689
-0.03313497 -0.07037633 -0.2795548
-0.03087747 -0.06099728 -0.2835414
-0.06361796 -0.06484387 -0.2667929
-0.001852334 -0.06822336 -0.262278
-0.03201239 -0.07038636 -0.2794515
#
-0.03597204 -0.08014262 -0.2807442
-0.03384415 -0.07017244 -0.2786113
-0.03083763 -0.06095136 -0.2826433
-0.0640241 -0.06424304 -0.2657232
-0.001735128 -0.06771057 -0.261189
-0.03198106 -0.07026809 -0.2783987
#
-0.0355117 -0.08004775 -0.2800665
-0.0335237 -0.07001711 -0.2779692
-0.0306609 -0.06082011 -0.2821319
-0.06414319 -0.0636379 -0.264694
-0.001114629 -0.06689297 -0.260508
-0.03172651 -0.07008841 -0.2777742
#
-0.03488839 -0.0800569 -0.2794106
-0.0328258 -0.07010881 -0.2770553
-0.02947176 -0.06092136 -0.2811792
-0.06452398 -0.06387313 -0.2636186
-0.0003839657 -0.0678472 -0.259751
-0.03075093 -0.07023682 -0.2767423
#
-0.03510387 -0.08046932 -0.2785086
-0.03312326 -0.07051802 -0.27631
-0.03008728 -0.06137434 -0.2805381
-0.06460505 -0.06416232 -0.2631586
-0.0008320734 -0.06829493 -0.2592783
-0.03143734 -0.0706543 -0.2760772
#
-0.03370943 -0.08046512 -0.2788522
-0.03158243 -0.07053123 -0.276355
-0.02797004 -0.06134198 -0.2804006
-0.06347352 -0.06465483 -0.2629314
0.00102713 -0.06844782 -0.2586886
-0.0291713 -0.07068755 -0.275951
#
-0.03451116 -0.08062855 -0.2785849
-0.03241393 -0.07068139 -0.276171
-0.02893264 -0.06158479 -0.2803729
-0.06455477 -0.06406433 -0.2626947
0.0003732219 -0.06868037 -0.2583442
-0.03024028 -0.07085259 -0.2758017
#
-0.03563815 -0.08064418 -0.2779885
-0.03365958 -0.07068705 -0.2757437
-0.03060086 -0.06161284 -0.2800671
-0.06539571 -0.064358 -0.2620325
-0.0008656308 -0.06859951 -0.2583744
-0.03183608 -0.0708563 -0.2754602
#
-0.03629662 -0.08025049 -0.2771406
-0.0339817 -0.07030628 -0.274945
-0.03049862 -0.06129367 -0.2792748
-0.0653756 -0.06365869 -0.2615538
-0.0009449646 -0.06797551 -0.257614
-0.03184511 -0.07050086 -0.274635
#
-0.03876572 -0.08001351 -0.2768504
-0.0362992 -0.07001855 -0.2746095
-0.03252485 -0.06108227 -0.2791506
-0.0685778 -0.06208471 -0.2599308
-0.002154417 -0.06638523 -0.2580521
-0.03396671 -0.07021255 -0.274324
#
-0.03808019 -0.07991946 -0.277315
-0.03561676 -0.06994418 -0.2750912
-0.03197651 -0.06098967 -0.2795672
-0.06744789 -0.06220291 -0.2605609
-0.0016772 -0.06675958 -0.2583329
-0.03338536 -0.07014062 -0.2748238
#
-0.03668689 -0.0800445 -0.2777934
-0.03426012 -0.07005411 -0.2755578
-0.03049616 -0.06102512 -0.2799103
-0.06586606 -0.06298169 -0.2613984
-0.0007909909 -0.0670215 -0.2587075
-0.03175559 -0.07022283 -0.2752241
#
-0.03724078 -0.08006466 -0.2775196
-0.03491735 -0.07007674 -0.2752973
-0.03135375 -0.06109656 -0.2797247
-0.0668809 -0.06256581 -0.2612845
-0.001401432 -0.06703136 -0.2582941
-0.03274469 -0.07025916 -0.2750037
#
-0.03676122 -0.08018959 -0.2783562
-0.03446689 -0.07019328 -0.2762001
-0.03100625 -0.06115326 -0.2805911
-0.06599277 -0.06296334 -0.2620938
-0.001205303 -0.06718909 -0.2594666
-0.03230102 -0.07034298 -0.2759343
#
-0.03801561 -0.08028085 -0.2789584
-0.03578636 -0.0703126 -0.2768093
-0.03254904 -0.06122131 -0.281144
-0.06699876 -0.06320433 -0.2624979
-0.002758555 -0.06786685 -0.2607948
-0.03383924 -0.07045982 -0.2765989
#
-0.03788465 -0.08085164 -0.2785091
-0.03556093 -0.07094849 -0.2763604
-0.03203786 -0.06186951 -0.2807294
-0.06696197 -0.06404517 -0.2618958
-0.002847798 -0.06948846 -0.2610174
-0.03347472 -0.07112531 -0.2761043
#
-0.03494565 -0.08173607 -0.2788234
-0.03286732 -0.07177476 -0.2765079
-0.02941043 -0.06261604 -0.2807825
-0.06498848 -0.06524026 -0.2623128
-0.0001214221 -0.06931921 -0.2601992
-0.03070756 -0.07190893 -0.2762038
#
-0.03283208 -0.08131618 -0.281678
-0.03081342 -0.07135215 -0.2793554
-0.02741255 -0.06205697 -0.283271
-0.06192642 -0.06556381 -0.2663154
0.0008001253 -0.06940182 -0.2621582
-0.02856132 -0.07143614 -0.2790093
#
-0.03019934 -0.08197808 -0.2834911
-0.02842383 -0.07203942 -0.2812934
-0.02558489 -0.06257001 -0.2850071
-0.05810091 -0.06863037 -0.2698195
0.002239689 -0.07001198 -0.263786
-0.02645791 -0.07205912 -0.2810073
#
-0.02523638 -0.08312043 -0.2859052
-0.02412837 -0.07330374 -0.2836758
-0.02199057 -0.06355394 -0.2870244
-0.05320307 -0.07222868 -0.2744046
0.004206792 -0.0735404 -0.2662464
-0.02275509 -0.07325678 -0.2834046
#
-0.02456699 -0.08310056 -0.2874622
-0.02367892 -0.07334188 -0.2852767
-0.02195883 -0.06343663 -0.2885339
-0.05222999 -0.07298557 -0.2768248
0.003878117 -0.07463699 -0.2681216
-0.02271028 -0.07321728 -0.285079
#
-0.02511898 -0.08353124 -0.2876249
-0.02440812 -0.07375664 -0.2855191
-0.02299685 -0.06364042 -0.2886985
-0.05279647 -0.07332451 -0.276808
0.002602629 -0.07541283 -0.269284
-0.02375437 -0.07345832 -0.2854309
#
-0.0238651 -0.0842671 -0.2886703
-0.02333095 -0.07424251 -0.2872223
-0.02219667 -0.06376366 -0.2902079
-0.05073735 -0.07344808 -0.2786612
0.001781531 -0.07554457 -0.2714541
-0.02298135 -0.0735073 -0.2874241
#
-0.02280304 -0.0846156 -0.2899692
-0.02237738 -0.07448106 -0.288744
-0.02139525 -0.0637917 -0.2915232
-0.04919536 -0.07371242 -0.2802861
0.001834042 -0.07583798 -0.2730365
-0.02210528 -0.0735179 -0.2890533
#
-0.02209643 -0.08481694 -0.2901523
-0.02181955 -0.07446038 -0.2896836
-0.02116449 -0.06381308 -0.2923254
-0.04751932 -0.07359604 -0.2816238
0.0004401878 -0.07636318 -0.2739125
-0.02186059 -0.07342792 -0.2902501
#
-0.02390759 -0.08489304 -0.2900914
-0.02362494 -0.07461371 -0.2893718
-0.02302172 -0.06412613 -0.2920431
-0.04974607 -0.07409721 -0.2806221
-0.000683181 -0.07627428 -0.2744491
-0.02378415 -0.07379463 -0.2898953
#
-0.02337482 -0.08475404 -0.2904376
-0.02301102 -0.07447205 -0.2898079
-0.02229395 -0.06408194 -0.2925417
-0.04893099 -0.07374685 -0.2812185
-3.508478E-05 -0.07616866 -0.2746913
-0.02302416 -0.07372452 -0.2903024
#
-0.02462594 -0.08494567 -0.2905708
-0.02418151 -0.07459687 -0.2900858
-0.02337923 -0.06409661 -0.2927505
-0.04968953 -0.07400886 -0.2809727
-0.001317091 -0.07595269 -0.2753972
-0.02407865 -0.07371358 -0.2906171
#
-0.02328984 -0.08549324 -0.2908008
-0.0229382 -0.07498661 -0.2906899
-0.02231404 -0.06432072 -0.2932339
-0.04788443 -0.0743731 -0.2821371
-0.001143314 -0.0759094 -0.2754071
-0.02296811 -0.07388098 -0.291387
#
-0.02262819 -0.08543419 -0.2904475
-0.02230552 -0.07495516 -0.2902697
-0.02170091 -0.06436532 -0.2928188
-0.04742407 -0.0746313 -0.2817479
-0.0004145429 -0.0759658 -0.2748477
-0.02234369 -0.07393765 -0.2909399
#
-0.02288252 -0.08600157 -0.2894298
-0.02232762 -0.07539289 -0.2896163
-0.02154392 -0.06470967 -0.2920847
-0.04646207 -0.07489399 -0.281206
-0.0007476136 -0.07644948 -0.2735317
-0.02214304 -0.07420067 -0.2903668
#
-0.02343639 -0.08715192 -0.289078
-0.0226673 -0.07642595 -0.2894934
-0.02147809 -0.06431384 -0.2919613
-0.0464607 -0.07620006 -0.2810984
-0.002016701 -0.0779239 -0.2727299
-0.02215528 -0.07379226 -0.2904834
#
-0.02409694 -0.09116269 -0.2872006
-0.02304216 -0.0801089 -0.2879149
-0.02117239 -0.0635938 -0.2910966
-0.04677103 -0.0767063 -0.2797719
-0.001963593 -0.07955376 -0.2700919
-0.02189112 -0.07311683 -0.2897265
#
-0.02481424 -0.09449363 -0.2859319
-0.02380905 -0.08310882 -0.2869021
-0.0218243 -0.06255472 -0.2906281
-0.04760887 -0.07767185 -0.2784913
-0.002125069 -0.08010357 -0.2684997
-0.02250022 -0.07212504 -0.2894288
#
-0.02393992 -0.09556786 -0.2853603
-0.02301007 -0.0841227 -0.2862254
-0.02088226 -0.06152248 -0.290427
-0.04780027 -0.07725113 -0.2784386
-0.0008424073 -0.07984548 -0.2669922
-0.02158955 -0.07117615 -0.2890697
#
-0.02434445 -0.09930625 -0.2834237
-0.02329668 -0.08760879 -0.284554
-0.02074751 -0.06104118 -0.2896504
-0.0483201 -0.07829805 -0.2766562
-5.408376E-05 -0.08108691 -0.2644161
-0.02146211 -0.0707325 -0.2881914
#
-0.02251265 -0.09563177 -0.2799512
-0.0216926 -0.08460747 -0.2795448
-0.01886148 -0.06056149 -0.2848569
-0.04993983 -0.07570522 -0.2741512
0.0030564 -0.07982243 -0.2573417
-0.01988559 -0.07038396 -0.2822486
#
-0.02255248 -0.09557328 -0.2802827
-0.02160061 -0.08432389 -0.2803789
-0.01889528 -0.0590203 -0.2855937
-0.0486704 -0.07512666 -0.274748
0.002877094 -0.0804408 -0.2570711
-0.0197615 -0.06881417 -0.2834567
#
-0.02318589 -0.09671494 -0.2801688
-0.02213621 -0.08522505 -0.2802458
-0.01912802 -0.0567567 -0.2855258
-0.04926189 -0.07426886 -0.2742768
0.002969272 -0.07970873 -0.2560991
-0.01995184 -0.06659213 -0.283538
#
-0.02264629 -0.0940178 -0.2802615
-0.02195726 -0.08259291 -0.2798258
-0.01942481 -0.05316029 -0.2847072
-0.05046978 -0.07227115 -0.273277
0.003916875 -0.07681548 -0.2545565
-0.02016951 -0.063112 -0.2827621
#
-0.0222203 -0.09192821 -0.2803892
-0.02143961 -0.0805425 -0.2794918
-0.01873422 -0.05017517 -0.2839609
-0.05046054 -0.07006633 -0.2723724
0.00551907 -0.074464 -0.2537048
-0.01945559 -0.06021213 -0.2820227
#
-0.02121822 -0.08877143 -0.280876
-0.02049995 -0.07754668 -0.2793218
-0.017829 -0.04733607 -0.2829492
-0.05031274 -0.06751844 -0.2722622
0.007052653 -0.07165476 -0.2525592
-0.01854876 -0.05747614 -0.2811023
#
-0.0209701 -0.08854029 -0.2811471
-0.02028973 -0.07701912 -0.2795391
-0.01763824 -0.04385008 -0.2826197
-0.05076721 -0.06504884 -0.2712452
0.007766135 -0.0684263 -0.2519132
-0.01828142 -0.0540133 -0.2810472
#
-0.02130337 -0.08884821 -0.2807121
-0.02063516 -0.07717868 -0.279053
-0.01801026 -0.04215964 -0.281863
-0.05139592 -0.06417496 -0.2699726
0.008044995 -0.06683893 -0.2514316
-0.01861124 -0.05235905 -0.2803852
#
-0.02159956 -0.08835685 -0.2817901
-0.02090969 -0.0765096 -0.2801538
-0.01828051 -0.04064082 -0.2823479
-0.0515701 -0.0625691 -0.27002
0.007692121 -0.06522115 -0.2528328
-0.01886193 -0.05080957 -0.2811592
#
-0.02136678 -0.08677698 -0.282242
-0.02057935 -0.0750254 -0.2806544
-0.01791746 -0.04064169 -0.2829469
-0.05096766 -0.06262518 -0.2708888
0.00779853 -0.06474664 -0.2535937
-0.01847541 -0.05080511 -0.2817766
#
-0.02210063 -0.08561345 -0.2832947
-0.02131964 -0.0736929 -0.2816603
-0.01862538 -0.03832427 -0.2829718
-0.05136564 -0.06061281 -0.2710936
0.00684642 -0.06339902 -0.2543212
-0.01920526 -0.04844812 -0.2822292
#
-0.02221375 -0.08078782 -0.2848423
-0.02161671 -0.06897265 -0.2827609
-0.01924191 -0.0342417 -0.2827064
-0.05166119 -0.05685637 -0.2716199
0.006546065 -0.05962685 -0.2555929
-0.01982651 -0.04438419 -0.2823959
#
-0.02217892 -0.07487348 -0.2859329
-0.02168839 -0.06297059 -0.283765
-0.01983052 -0.02951681 -0.2824534
-0.05035477 -0.05246422 -0.272287
0.005981855 -0.05343727 -0.2572239
-0.02031056 -0.03951726 -0.2827603
#
-0.0236665 -0.07748648 -0.2862586
-0.02318677 -0.06490991 -0.2843539
-0.02113074 -0.02641889 -0.281242
-0.05047519 -0.05140118 -0.2712879
0.004379518 -0.05243116 -0.2575381
-0.02162948 -0.03627486 -0.2821912
#
-0.02247375 -0.07104564 -0.2865779
-0.02207997 -0.05887733 -0.2842852
-0.02037915 -0.02458244 -0.2809271
-0.04954552 -0.04886796 -0.2719346
0.00496728 -0.05015878 -0.257757
-0.02088154 -0.03440518 -0.2821119
#
-0.02057481 -0.07436816 -0.2871986
-0.02019887 -0.06170361 -0.2851553
-0.01850326 -0.02431131 -0.2808995
-0.04775338 -0.04895077 -0.2718586
0.005449668 -0.051148 -0.2574483
-0.01890089 -0.03399124 -0.2823593
#
-0.01922067 -0.07578713 -0.285912
-0.01907882 -0.06306521 -0.2838268
-0.01760252 -0.02456655 -0.2793722
-0.04706757 -0.04930007 -0.2707573
0.006255589 -0.05181361 -0.2555515
-0.01802249 -0.03427047 -0.2807946
#
-0.01682515 -0.07434716 -0.2812669
-0.01601317 -0.06237224 -0.2788531
-0.0133099 -0.02849386 -0.2767975
-0.04539967 -0.04958274 -0.2676741
0.01001739 -0.05417638 -0.2506569
-0.01389612 -0.03840268 -0.2772564
#
-0.01714447 -0.07685343 -0.2843227
-0.01618036 -0.06454333 -0.2822378
-0.01339719 -0.02926355 -0.2797778
-0.04446991 -0.0511766 -0.27057
0.009376593 -0.05528349 -0.2541989
-0.01390506 -0.03905384 -0.2805119
#
-0.01829662 -0.07858305 -0.2874922
-0.01767615 -0.06636854 -0.2856035
-0.01548973 -0.03259125 -0.2836617
-0.04472894 -0.05366809 -0.2743282
0.007827155 -0.05666215 -0.2599461
-0.01605392 -0.04236387 -0.2843078
#
-0.01691135 -0.07498733 -0.2896016
-0.01646313 -0.06337408 -0.2878711
-0.01507094 -0.0374283 -0.287067
-0.04181021 -0.05581271 -0.2790853
0.00728973 -0.05846211 -0.2650765
-0.01562851 -0.04711986 -0.2875669
#
-0.01470955 -0.07445713 -0.2917383
-0.0142883 -0.06304479 -0.2901258
-0.01309862 -0.04083128 -0.2897666
-0.03920348 -0.05678352 -0.2819934
0.008245371 -0.05982221 -0.2685822
-0.01370979 -0.05044083 -0.2901627
#
-0.01437509 -0.07502381 -0.2919415
-0.01409163 -0.06395353 -0.2902288
-0.01326313 -0.04521086 -0.2906123
-0.03919575 -0.05875816 -0.2822978
0.008698173 -0.06049205 -0.270501
-0.01381245 -0.05484625 -0.2904006
#
-0.01496237 -0.07491941 -0.2919226
-0.01444474 -0.06420367 -0.2901095
-0.01335125 -0.04850195 -0.2909656
-0.03957476 -0.06047306 -0.2824875
0.008680604 -0.06255189 -0.2717701
-0.0140304 -0.05818159 -0.2902805
#
-0.01362545 -0.07443563 -0.2913298
-0.01283937 -0.06394612 -0.2899604
-0.01147914 -0.05205507 -0.2913127
-0.03768072 -0.06303021 -0.2825599
0.009511195 -0.06490821 -0.2728822
-0.01216421 -0.06172397 -0.2903405
#
-0.01248583 -0.07602049 -0.2909317
-0.01176053 -0.06561153 -0.2897297
-0.01053037 -0.05490547 -0.2913304
-0.03687561 -0.06539277 -0.282541
0.01034719 -0.06734785 -0.2725807
-0.01126471 -0.06456352 -0.2901753
#
-0.01252013 -0.07950439 -0.2898157
-0.01186147 -0.06900851 -0.2889426
-0.01078416 -0.05831049 -0.2908369
-0.03699546 -0.06846967 -0.2817189
0.01028139 -0.06977602 -0.2716377
-0.01150143 -0.0679139 -0.2894828
#
-0.01365174 -0.08261252 -0.2892829
-0.0131157 -0.07226469 -0.288184
-0.01205783 -0.06147595 -0.290599
-0.03965059 -0.07078863 -0.280332
0.01033076 -0.07246619 -0.2708121
-0.01286771 -0.07109616 -0.2886286
#
-0.01380586 -0.08621932 -0.286015
-0.01324613 -0.075955 -0.2849507
-0.01204254 -0.06563064 -0.2880887
-0.04119491 -0.07309378 -0.2764767
0.01158775 -0.07541839 -0.2671202
-0.01295243 -0.07514799 -0.2852892
#
-0.01538019 -0.08683228 -0.2851948
-0.01480584 -0.07673154 -0.2838767
-0.01353429 -0.06704589 -0.2874316
-0.04400564 -0.0732946 -0.2750193
0.01118314 -0.07664215 -0.2662268
-0.01461782 -0.07653477 -0.2840369
#
-0.01815552 -0.08663812 -0.2845301
-0.01722047 -0.07666994 -0.2825806
-0.01522518 -0.06721447 -0.2863263
-0.04789907 -0.07191434 -0.2724682
0.01089091 -0.07642915 -0.2646903
-0.01639945 -0.07668639 -0.2824335
#
-0.01758007 -0.08685914 -0.2847724
-0.01651753 -0.07689681 -0.2827015
-0.01430225 -0.06724883 -0.2863226
-0.0469758 -0.07227132 -0.2729442
0.01167618 -0.07645839 -0.2643818
-0.01545097 -0.076758 -0.2825186
#
-0.01724091 -0.08669246 -0.2856308
-0.01639312 -0.07672343 -0.2836988
-0.01461735 -0.06694116 -0.2873943
-0.04651146 -0.07268932 -0.2742676
0.01153482 -0.07622526 -0.2656109
-0.01567278 -0.07646353 -0.2836139
#
-0.01903707 -0.08680711 -0.2848312
-0.01797796 -0.07685526 -0.2828824
-0.0161888 -0.06718016 -0.2866171
-0.04781691 -0.07250222 -0.2728056
0.01062265 -0.07652145 -0.265101
-0.01729118 -0.07667366 -0.2828064
#
-0.01847135 -0.08656798 -0.284486
-0.01768832 -0.07660941 -0.2825173
-0.01606786 -0.06698375 -0.2862784
-0.04810265 -0.07231338 -0.2731425
0.01043505 -0.07623108 -0.263845
-0.01717351 -0.07647336 -0.2824361
#
-0.01906013 -0.08581338 -0.2839432
-0.01820053 -0.07582677 -0.2818673
-0.01642272 -0.0662849 -0.2855818
-0.04892378 -0.07095733 -0.2715502
0.01046865 -0.07503647 -0.2635091
-0.01745944 -0.07575969 -0.2817459
#
-0.02136138 -0.08567902 -0.2823043
-0.02020893 -0.07569508 -0.280375
-0.01829713 -0.0662773 -0.2842279
-0.05035292 -0.07124477 -0.2703285
0.008966811 -0.07426947 -0.261815
-0.0193999 -0.07569385 -0.2802539
#
-0.02414742 -0.08538312 -0.2810777
-0.0225669 -0.07541961 -0.2791944
-0.02005365 -0.06614915 -0.2832105
-0.05294018 -0.06999733 -0.2685375
0.007205836 -0.07428575 -0.2610652
-0.02141221 -0.0754732 -0.2790079
#
-0.02504782 -0.08551004 -0.2795591
-0.02341812 -0.07547868 -0.2777761
-0.02077588 -0.06636403 -0.2820217
-0.05443292 -0.06871165 -0.2666285
0.00688038 -0.07364125 -0.259484
-0.02221566 -0.07555168 -0.2775803
#
-0.02479524 -0.08530997 -0.2793487
-0.02298037 -0.07525562 -0.2774677
-0.0199244 -0.06621362 -0.281716
-0.05446638 -0.0677102 -0.2661016
0.007794574 -0.07297339 -0.2588418
-0.02143179 -0.07535101 -0.2771939
#
-0.0242363 -0.08530731 -0.2794831
-0.02242602 -0.07527039 -0.2774304
-0.01918642 -0.06623127 -0.2816634
-0.05438837 -0.06832702 -0.2658825
0.008755311 -0.07304607 -0.2583826
-0.02058939 -0.07538833 -0.2770507
#
-0.02472579 -0.08561709 -0.2792077
-0.02290604 -0.0755953 -0.2771876
-0.01957558 -0.06660207 -0.2814563
-0.05502041 -0.06836834 -0.2660211
0.008001246 -0.07388841 -0.2578384
-0.02110494 -0.07573166 -0.276786
#
-0.02522987 -0.08587947 -0.2808226
-0.0235816 -0.07586896 -0.2787675
-0.02068444 -0.06671671 -0.2830411
-0.05556463 -0.0688157 -0.2660778
0.007637143 -0.07422314 -0.2615342
-0.02204528 -0.0759579 -0.2785166
#
-0.02367831 -0.08564598 -0.2818674
-0.0219208 -0.07564933 -0.2796737
-0.01845144 -0.06641427 -0.283808
-0.0543781 -0.06939404 -0.2675512
0.009030096 -0.07352773 -0.2619396
-0.01988176 -0.07570788 -0.2792828
#
-0.02407586 -0.08503353 -0.2811244
-0.02226271 -0.07498757 -0.2787602
-0.01853812 -0.06582759 -0.2830164
-0.05592877 -0.06709576 -0.2649463
0.009730972 -0.07252485 -0.2614102
-0.01998126 -0.07506368 -0.2783356
#
-0.0279041 -0.08446646 -0.2801286
-0.02623077 -0.07444493 -0.2777037
-0.02289131 -0.06534553 -0.2822646
-0.06089557 -0.0656114 -0.2630455
0.006670788 -0.07167598 -0.2607509
-0.02460086 -0.07453469 -0.2774527
#
-0.02621546 -0.08484217 -0.2819579
-0.02416417 -0.07481586 -0.2794638
-0.02033087 -0.06564765 -0.2836644
-0.0573587 -0.06747334 -0.2654119
0.008634605 -0.07152628 -0.2616268
-0.02168197 -0.07491217 -0.2790437
#
-0.02256025 -0.08527904 -0.283476
-0.02066427 -0.07523257 -0.2812992
-0.0173532 -0.06590826 -0.2850933
-0.05128243 -0.06964429 -0.2700911
0.009995051 -0.07243893 -0.2622646
-0.01843528 -0.07524239 -0.2809068
#
-0.01948506 -0.08677451 -0.2854661
-0.01819723 -0.07682874 -0.2834824
-0.01572 -0.06714598 -0.287021
-0.04752678 -0.07390755 -0.2740371
0.01013777 -0.07599299 -0.2658229
-0.01661418 -0.0766988 -0.2832095
#
-0.01724647 -0.086947 -0.2860045
-0.01665405 -0.07710212 -0.2841619
-0.01518486 -0.06724287 -0.2876909
-0.0457397 -0.07582355 -0.2763388
0.01000386 -0.07784723 -0.2670895
-0.01609088 -0.07693965 -0.284077
#
-0.01710807 -0.08793408 -0.2863212
-0.01677098 -0.07807533 -0.2847261
-0.01570385 -0.06816498 -0.2882992
-0.04553809 -0.07730495 -0.276638
0.009217106 -0.07932913 -0.26871
-0.01652332 -0.07787073 -0.2847379
#
-0.01597474 -0.08871951 -0.2864798
-0.01572923 -0.07875008 -0.285295
-0.01483739 -0.0687884 -0.2888818
-0.04400899 -0.07788397 -0.2773917
0.009411968 -0.07988615 -0.2689787
-0.01564501 -0.07841466 -0.2854357
#
-0.01556172 -0.08901948 -0.2860917
-0.01525315 -0.07895359 -0.285233
-0.01421631 -0.06886879 -0.2885792
-0.04286632 -0.07797781 -0.2781974
0.008352302 -0.08107115 -0.2681749
-0.01512999 -0.0784721 -0.2854769
#
-0.0147874 -0.08984754 -0.2851219
-0.01452291 -0.07969127 -0.2844541
-0.01364571 -0.06950749 -0.2876746
-0.04170857 -0.07870316 -0.2775931
0.008513279 -0.08195739 -0.2665178
-0.01452029 -0.07907005 -0.2848001
#
-0.014571 -0.09164306 -0.2857711
-0.01416523 -0.08121973 -0.2857233
-0.01324347 -0.06987957 -0.2888337
-0.04007865 -0.08008755 -0.2790562
0.007577419 -0.08331674 -0.2668941
-0.01404736 -0.07937636 -0.2864708
#
-0.01601156 -0.09262282 -0.2859403
-0.0152499 -0.08206526 -0.286175
-0.01392718 -0.07000082 -0.289151
-0.04022251 -0.08102369 -0.2791092
0.005908899 -0.08422817 -0.2667835
-0.01477388 -0.07943801 -0.2870839
#
-0.01705334 -0.09316713 -0.2864552
-0.01597739 -0.0824606 -0.2870849
-0.01423964 -0.06966893 -0.2899721
-0.03990569 -0.08147154 -0.2795745
0.004443139 -0.08446225 -0.267893
-0.01503836 -0.07906806 -0.2881749
#
-0.01655918 -0.09196844 -0.2866102
-0.0152794 -0.0813412 -0.2869579
-0.01317511 -0.06870661 -0.2895799
-0.03927284 -0.08159735 -0.2790542
0.005125321 -0.08408877 -0.2675164
-0.01398022 -0.07812805 -0.2877997
#
-0.01675427 -0.09325238 -0.2859275
-0.01526355 -0.08239759 -0.2866401
-0.01277235 -0.06726699 -0.2896975
-0.03888815 -0.08097809 -0.279072
0.004939482 -0.08422232 -0.26599
-0.01363952 -0.07667062 -0.2881023
#
-0.01696849 -0.09699551 -0.284762
-0.01550385 -0.08576993 -0.2857763
-0.01268119 -0.06569126 -0.2897077
-0.03935331 -0.0809735 -0.2787739
0.005243324 -0.08492454 -0.264088
-0.013544 -0.07516993 -0.2882766
#
-0.01665393 -0.09708709 -0.2830269
-0.01552983 -0.08588598 -0.2831408
-0.0125607 -0.06239355 -0.2880517
-0.04236334 -0.07787631 -0.276991
0.008252375 -0.08181679 -0.2599705
-0.01350249 -0.0720989 -0.2859535
#
-0.01646515 -0.09780899 -0.2818886
-0.01561714 -0.08639189 -0.2816678
-0.01280702 -0.05867565 -0.287186
-0.04425323 -0.07561172 -0.2747403
0.01062483 -0.07880119 -0.2565569
-0.0136636 -0.06846484 -0.2849058
#
-0.01574451 -0.09516663 -0.2826576
-0.01497222 -0.08372239 -0.2816669
-0.01204735 -0.05468781 -0.286826
-0.0460131 -0.07100592 -0.2725422
0.01356132 -0.07366983 -0.2560405
-0.01292027 -0.06458064 -0.2844332
#
-0.01586799 -0.09166489 -0.282867
-0.01501947 -0.08029487 -0.2816789
-0.01217276 -0.05293601 -0.2861375
-0.04567437 -0.0688569 -0.2725676
0.01311575 -0.07093639 -0.2560294
-0.01298855 -0.0628126 -0.283954
#
-0.01664322 -0.08823647 -0.2837437
-0.01616033 -0.07706494 -0.2821208
-0.01413377 -0.05102169 -0.2861016
-0.04722778 -0.06686305 -0.2722383
0.01274136 -0.06824294 -0.257354
-0.01483282 -0.06097237 -0.2839569
#
-0.01500323 -0.0877125 -0.2848579
-0.01429733 -0.0761643 -0.283694
-0.0119902 -0.04900185 -0.2868115
-0.04400143 -0.06557348 -0.274088
0.01244362 -0.06746114 -0.258123
-0.01261771 -0.05883908 -0.2854007
#
-0.01490933 -0.08579295 -0.2863726
-0.01423305 -0.07421095 -0.2849492
-0.01200946 -0.04657526 -0.2873724
-0.04405816 -0.0634444 -0.2742866
0.01290492 -0.06539819 -0.259592
-0.0126177 -0.05644137 -0.2862431
#
-0.01400836 -0.08385069 -0.2861639
-0.01336727 -0.07227192 -0.2846608
-0.01121158 -0.04473824 -0.2867455
-0.04308325 -0.0620105 -0.2745343
0.01334108 -0.06366888 -0.2589609
-0.01180122 -0.05461562 -0.2857697
#
-0.01407509 -0.08151894 -0.286629
-0.01337951 -0.06991041 -0.2850286
-0.01116323 -0.04298203 -0.2865928
-0.0429324 -0.05973575 -0.2745573
0.01291471 -0.06162908 -0.2592922
-0.01176533 -0.05280686 -0.2858669
#
-0.01354508 -0.08452777 -0.2856483
-0.0129802 -0.07266853 -0.2843223
-0.01085503 -0.04275434 -0.2860459
-0.04245323 -0.06069558 -0.2736033
0.01377418 -0.06257134 -0.2586958
-0.01147728 -0.05261365 -0.2853394
#
-0.01359806 -0.08152085 -0.2853413
-0.01330025 -0.06993372 -0.2836111
-0.01145684 -0.04176972 -0.2853446
-0.04406217 -0.05901692 -0.2728592
0.01362589 -0.0603529 -0.2579252
-0.01214796 -0.05170044 -0.2844794
#
-0.01253516 -0.08026581 -0.286721
-0.01205502 -0.06861664 -0.2850674
-0.01013516 -0.04147383 -0.2861547
-0.04166273 -0.0586259 -0.2749618
0.01343956 -0.06066922 -0.2589329
-0.01073266 -0.05128942 -0.2856851
#
-0.01258121 -0.07955975 -0.287084
-0.01214569 -0.06796627 -0.2854451
-0.01042125 -0.04163776 -0.286518
-0.04123875 -0.05882888 -0.2756337
0.01339608 -0.06033125 -0.2597218
-0.01100317 -0.05144151 -0.2860874
#
-0.01219586 -0.08262836 -0.2905837
-0.01162745 -0.07067121 -0.2891408
-0.009788767 -0.04230119 -0.2891759
-0.03920209 -0.05989341 -0.2792601
0.01249013 -0.06266189 -0.2631546
-0.01028869 -0.05194987 -0.2892821
#
-0.01393957 -0.08116277 -0.2912823
-0.01320666 -0.06970794 -0.2897456
-0.01122706 -0.04501618 -0.2903731
-0.03957765 -0.0615328 -0.2813053
0.01090088 -0.06514386 -0.2658502
-0.01186275 -0.05473263 -0.2901306
#
-0.01298265 -0.08019301 -0.290585
-0.01216286 -0.06900575 -0.2890293
-0.01024358 -0.04662678 -0.2898717
-0.03778148 -0.06319342 -0.2818856
0.0113261 -0.06615465 -0.2663718
-0.01075278 -0.05640026 -0.289462
#
-0.01281087 -0.07848874 -0.2913892
-0.01216285 -0.06744216 -0.289834
-0.01063342 -0.04726536 -0.2907639
-0.03776704 -0.06313322 -0.2826361
0.01108576 -0.06568497 -0.2677916
-0.01106396 -0.05700786 -0.2903274
#
-0.01209643 -0.07999276 -0.2920322
-0.01145174 -0.06887772 -0.2903652
-0.009860903 -0.04761183 -0.2910981
-0.03710677 -0.06355008 -0.2831346
0.01180521 -0.06612381 -0.2682595
-0.01028199 -0.05735826 -0.2906671
#
-0.01209425 -0.07741436 -0.2911532
-0.01158255 -0.06663702 -0.2893538
-0.01023149 -0.04812885 -0.2904447
-0.03760544 -0.06322197 -0.2824143
0.01187027 -0.06607387 -0.2680995
-0.01070407 -0.0579366 -0.2897903
#
-0.01248068 -0.07356944 -0.2928287
-0.01202321 -0.06306494 -0.2909796
-0.01090125 -0.04848448 -0.2919694
-0.03766271 -0.06222451 -0.2840603
0.01062085 -0.06518296 -0.2709219
-0.01143507 -0.05821992 -0.2913504
#
-0.01245302 -0.07342307 -0.2926304
-0.01223523 -0.06309628 -0.2906846
-0.01161587 -0.05043171 -0.2918783
-0.03812802 -0.06240622 -0.2835737
0.01071382 -0.06567941 -0.2718687
-0.0121991 -0.06016941 -0.2909501
#
-0.01241404 -0.07361893 -0.293142
-0.0121486 -0.06333581 -0.2913002
-0.01138938 -0.05134504 -0.2926794
-0.03809135 -0.06268924 -0.2843593
0.01065701 -0.0657924 -0.2731472
-0.01198049 -0.06110058 -0.2915882
#
-0.01205695 -0.07333442 -0.2934741
-0.0118075 -0.06311706 -0.2916899
-0.01105639 -0.05211156 -0.2930956
-0.03766807 -0.06344486 -0.2847558
0.01081631 -0.06625492 -0.2739245
-0.01157779 -0.06187478 -0.2920151
#
-0.0131579 -0.07378948 -0.2920601
-0.01311539 -0.06374053 -0.2901124
-0.01274126 -0.05320749 -0.2920222
-0.04010275 -0.06420221 -0.2826285
0.01068039 -0.0663239 -0.2733098
-0.01335869 -0.06306297 -0.2904754
#
-0.01475906 -0.07413239 -0.2927336
-0.01445878 -0.06416348 -0.2907155
-0.01358309 -0.05374583 -0.2927787
-0.04161238 -0.06474286 -0.2828718
0.009814739 -0.06633503 -0.2747617
-0.014247 -0.06364136 -0.290944
#
-0.01611354 -0.07420159 -0.2926368
-0.01578914 -0.06447523 -0.2901726
-0.01493499 -0.05419698 -0.2925791
-0.04412911 -0.06450652 -0.2818565
0.009872988 -0.06714054 -0.2744143
-0.01578078 -0.06417916 -0.2902787
#
-0.01600931 -0.0746057 -0.2927476
-0.01553646 -0.06499297 -0.2899304
-0.01425362 -0.05485974 -0.2924727
-0.04468592 -0.06477226 -0.2813998
0.01125478 -0.06719641 -0.2734671
-0.01505006 -0.06487573 -0.2898486
#
-0.01728747 -0.07472464 -0.2912983
-0.01658833 -0.06500161 -0.2885077
-0.01516171 -0.05504575 -0.2913238
-0.04640946 -0.0628062 -0.2781108
0.01153181 -0.06608609 -0.2718017
-0.0160189 -0.06491966 -0.2884384
#
-0.01990582 -0.07464408 -0.2893533
-0.01856519 -0.06486865 -0.2866083
-0.01641323 -0.05513797 -0.2896695
-0.04829171 -0.06205011 -0.2757183
0.01112335 -0.06464403 -0.2690842
-0.0173453 -0.06489021 -0.2864438
#
-0.02158699 -0.07434157 -0.2889756
-0.01996401 -0.06461536 -0.2859396
-0.01691791 -0.05494415 -0.2889257
-0.05105612 -0.06044795 -0.2743447
0.009966604 -0.06494742 -0.2682237
-0.01817517 -0.06468945 -0.2856151
#
-0.02375893 -0.07422579 -0.2881511
-0.02195873 -0.06446034 -0.2851802
-0.01888876 -0.05490305 -0.2884061
-0.05314591 -0.05962946 -0.2726708
0.009013228 -0.06400537 -0.2675388
-0.02015109 -0.06456841 -0.2849002
#
-0.02343168 -0.07425778 -0.2878896
-0.0214158 -0.06453723 -0.2847823
-0.01777623 -0.05499918 -0.2878512
-0.05283891 -0.05961526 -0.2725825
0.009392999 -0.06452762 -0.2670118
-0.01917791 -0.06467948 -0.2843632
#
-0.02398609 -0.07429826 -0.2876574
-0.02191088 -0.06456608 -0.2846103
-0.01822557 -0.05506768 -0.2877648
-0.05330402 -0.05949164 -0.272551
0.009044774 -0.06441962 -0.2667464
-0.0196607 -0.06471664 -0.2841929
#
-0.02380732 -0.07456287 -0.2870238
-0.02182043 -0.06479909 -0.2841011
-0.01833665 -0.05532468 -0.2873552
-0.05307767 -0.05985608 -0.2722144
0.009049542 -0.06448569 -0.2662325
-0.01972277 -0.06494402 -0.2837163
#
-0.02315738 -0.07424798 -0.2873521
-0.0211767 -0.06444595 -0.2843643
-0.01767448 -0.05499016 -0.2876089
-0.05266726 -0.05921938 -0.2723429
0.01002199 -0.06336551 -0.2658704
-0.01900489 -0.06458912 -0.2839694
#
-0.02378768 -0.07456955 -0.2861864
-0.02178875 -0.06473009 -0.2833353
-0.01840444 -0.05535156 -0.2867999
-0.05332781 -0.05934992 -0.271331
0.009867333 -0.06295661 -0.2647338
-0.0197536 -0.06488138 -0.2829884
#
-0.02306005 -0.0748351 -0.28618
-0.02122324 -0.06499264 -0.2833102
-0.01809958 -0.05556775 -0.2867024
-0.05246197 -0.06008612 -0.2715767
0.01021909 -0.06362284 -0.2642645
-0.01926438 -0.06512005 -0.2829558
#
-0.02361022 -0.07498994 -0.2859467
-0.02182429 -0.06513081 -0.2831366
-0.01873749 -0.05575355 -0.28666
-0.05352553 -0.05954549 -0.2709268
0.009647064 -0.06377845 -0.2645291
-0.02001682 -0.06527226 -0.2828195
#
-0.02216931 -0.07508004 -0.2866948
-0.02019272 -0.0653105 -0.2836009
-0.01655345 -0.055881 -0.2869017
-0.05213907 -0.06030057 -0.271699
0.01127976 -0.06475941 -0.2644058
-0.01787252 -0.06547385 -0.2831196
#
-0.02276608 -0.07525241 -0.2874534
-0.0208689 -0.06549139 -0.2843289
-0.01719099 -0.05596916 -0.2874949
-0.05293762 -0.06050441 -0.2724422
0.01007278 -0.06500328 -0.2657502
-0.01857653 -0.06561241 -0.2838491
#
-0.02213526 -0.07585432 -0.2868579
-0.02037308 -0.06604625 -0.2839593
-0.01696567 -0.05646829 -0.2871724
-0.05177929 -0.06185233 -0.2726855
0.01006977 -0.06517185 -0.2658926
-0.01820067 -0.0661181 -0.2835275
#
-0.01538832 -0.07672206 -0.2887716
-0.01455155 -0.06694 -0.2861414
-0.012367 -0.05709556 -0.2890885
-0.04463327 -0.06527325 -0.2778333
0.01308022 -0.06738449 -0.2677801
-0.01325037 -0.06689275 -0.2858331
#
-0.01427571 -0.07712031 -0.2911155
-0.01409835 -0.0673954 -0.2884763
-0.01318814 -0.05741023 -0.2914841
-0.04439326 -0.06577396 -0.2795694
0.01332734 -0.06865906 -0.2711055
-0.01394167 -0.06728802 -0.2884468
#
-0.01315358 -0.07676991 -0.2922505
-0.01322942 -0.06709624 -0.2896216
-0.01255161 -0.05702388 -0.2924584
-0.04302743 -0.06702828 -0.2824798
0.01314882 -0.06855086 -0.2714261
-0.01322675 -0.06697946 -0.2896212
#
-0.01255013 -0.07680316 -0.292468
-0.01252899 -0.06707668 -0.2898873
-0.01161132 -0.05695225 -0.2925785
-0.04210117 -0.06696973 -0.2825905
0.01352664 -0.06818179 -0.2717884
-0.01228016 -0.06688546 -0.2898657
#
-0.01297277 -0.07721362 -0.2928219
-0.01302932 -0.06753098 -0.290199
-0.01236935 -0.05741922 -0.2930174
-0.04269051 -0.06766803 -0.2828994
0.01343257 -0.06852629 -0.2723002
-0.01302437 -0.06737904 -0.2902106
#
-0.01220933 -0.07726698 -0.2931815
-0.01238424 -0.06758573 -0.2905429
-0.01190256 -0.05734313 -0.2932155
-0.04186726 -0.06797219 -0.2835963
0.01369854 -0.06890853 -0.2723148
-0.01252113 -0.06732499 -0.2906054
#
-0.01263934 -0.07749652 -0.2926567
-0.01277326 -0.06779017 -0.2901679
-0.01241503 -0.0576664 -0.2929046
-0.04191449 -0.06835922 -0.2831911
0.01328068 -0.06942173 -0.272105
-0.01304894 -0.06762586 -0.2902704
#
-0.01248733 -0.07735486 -0.2934019
-0.01248667 -0.06756789 -0.291095
-0.01187152 -0.05734538 -0.2936301
-0.04095515 -0.06810137 -0.2841088
0.01283575 -0.06961808 -0.2734168
-0.01248079 -0.06728096 -0.2912041
#
-0.01306675 -0.07763986 -0.293588
-0.01312921 -0.06779756 -0.2913353
-0.01277466 -0.05745406 -0.2939361
-0.04168824 -0.06799466 -0.2835672
0.01251676 -0.06885231 -0.2742222
-0.01338955 -0.06736419 -0.2915323
#
-0.01241786 -0.07754219 -0.2933974
-0.01238 -0.06778256 -0.2909507
-0.01156108 -0.05747867 -0.2935051
-0.04118771 -0.06833261 -0.2839527
0.01314792 -0.06892128 -0.2732593
-0.0121922 -0.06743876 -0.2909999
#
-0.0122606 -0.07797585 -0.2932667
-0.01214501 -0.06810089 -0.291068
-0.01152364 -0.05783627 -0.2935984
-0.04032244 -0.06851337 -0.2834237
0.0134621 -0.06905714 -0.2736833
-0.01210699 -0.0677237 -0.2912242
#
